    unsorted:	 246.7401105 246.7401105 1943.715928 1980.125329 2054.787196 1837.879307 2183.266617 2202.279738 2248.244094 1776.878278 2426.400522 1655.770844 1639.473082 2707.468474 2722.389136 2874.047548 2914.880760 1440.421673 1353.172719 1242.088546 1213.367190 1090.637686 1083.064939 1111.612123 1052.805543 3121.382869 3151.528520 3304.364028 3385.932941 3431.384162 923.8312640 3644.866315 3694.860131 3743.490040 3843.079746 695.7314352 671.6707388 645.4331435 614.2504874 593.5346288 515.8193891 433.3933312 3959.020847 4054.027790 306.8917087 1.869309548 4662.930974 1.426038604 5145.129982 5135.763428 5411.897959 5530.918908 5596.009312 5737.349941 5793.779997 5914.459198 6511.294441 6722.417130 6908.890991 7261.216678 7345.555777 7402.677965 7589.766771 8393.644730 8707.569518 9059.193966 9329.800529 9599.656385 9798.404487 10114.05705 10452.96453 10967.61081 11006.05673 11532.44206 11810.88708 11912.77138 12420.70641 12786.75586 13177.12664 13233.74321 13660.30071 14975.21792 15107.20154 15597.94640 16431.81845 16348.11003 17097.70322 18908.10340 19292.21214 21060.64785 25398.07030 25852.94528 26136.13523 26696.92467 28922.81384 31093.03007 39118.92665 42444.19006 44482.59038 61735.64119 84963.51120 106469.5422 185049.3268 48647773.04
      sorted:	 1.426038604 1.869309548 246.7401105 246.7401105 306.8917087 433.3933312 515.8193891 593.5346288 614.2504874 645.4331435 671.6707388 695.7314352 923.8312640 1052.805543 1083.064939 1090.637686 1111.612123 1213.367190 1242.088546 1353.172719 1440.421673 1639.473082 1655.770844 1776.878278 1837.879307 1943.715928 1980.125329 2054.787196 2183.266617 2202.279738 2248.244094 2426.400522 2707.468474 2722.389136 2874.047548 2914.880760 3121.382869 3151.528520 3304.364028 3385.932941 3431.384162 3644.866315 3694.860131 3743.490040 3843.079746 3959.020847 4054.027790 4662.930974 5135.763428 5145.129982 5411.897959 5530.918908 5596.009312 5737.349941 5793.779997 5914.459198 6511.294441 6722.417130 6908.890991 7261.216678 7345.555777 7402.677965 7589.766771 8393.644730 8707.569518 9059.193966 9329.800529 9599.656385 9798.404487 10114.05705 10452.96453 10967.61081 11006.05673 11532.44206 11810.88708 11912.77138 12420.70641 12786.75586 13177.12664 13233.74321 13660.30071 14975.21792 15107.20154 15597.94640 16348.11003 16431.81845 17097.70322 18908.10340 19292.21214 21060.64785 25398.07030 25852.94528 26136.13523 26696.92467 28922.81384 31093.03007 39118.92665 42444.19006 44482.59038 61735.64119 84963.51120 106469.5422 185049.3268 48647773.04
