    unsorted:	 95049.31197 94242.43469 96960.82002 98862.11604 99786.48077 100942.4628 102865.4256 104443.2908 105860.2870 107293.7318 90768.08952 89383.00717 88424.22292 85047.99904 82242.98242 111556.6048 79681.46644 114823.3748 74685.88965 118638.9158 120486.0654 121803.6350 69830.48825 67135.03394 66263.78124 64755.20241 126477.6388 127872.4759 60095.51809 56558.24209 48350.69478 44216.45672 41303.56870 139335.0304 34088.30047 32916.26166 36769.91202 30301.08521 27871.35123 25747.03052 24138.87331 144458.0191 146679.9683 149002.3618 149729.3601 19055.71606 17826.33084 15964.14681 162391.5583 171031.8697 172809.9374 4839.600937 644.0533721 178821.5987 198399.5022 203680.3507 232162.4444 251953.1936 318602.5795 678930.8115 2.114198248e+011 116.7107723 116.7107723
      sorted:	 116.7107723 116.7107723 644.0533721 4839.600937 15964.14681 17826.33084 19055.71606 24138.87331 25747.03052 27871.35123 30301.08521 32916.26166 34088.30047 36769.91202 41303.56870 44216.45672 48350.69478 56558.24209 60095.51809 64755.20241 66263.78124 67135.03394 69830.48825 74685.88965 79681.46644 82242.98242 85047.99904 88424.22292 89383.00717 90768.08952 94242.43469 95049.31197 96960.82002 98862.11604 99786.48077 100942.4628 102865.4256 104443.2908 105860.2870 107293.7318 111556.6048 114823.3748 118638.9158 120486.0654 121803.6350 126477.6388 127872.4759 139335.0304 144458.0191 146679.9683 149002.3618 149729.3601 162391.5583 171031.8697 172809.9374 178821.5987 198399.5022 203680.3507 232162.4444 251953.1936 318602.5795 678930.8115 2.114198248e+011
