    unsorted:	 116.7107723 116.7107723 16296.67932 16768.75343 17028.27028 15500.28692 14937.95621 17912.33537 18377.95607 13999.09475 13024.49967 12375.16627 12115.49480 11769.22215 11138.25876 10971.26736 10244.15983 20376.46706 21077.23993 21439.86577 22145.52225 22747.12033 23272.54923 23922.33594 24187.49405 9552.539747 25480.10361 8799.365651 26132.69478 27063.87493 27300.61426 27976.10926 29153.83672 7146.741407 6524.852155 6265.469930 30587.59900 31492.13478 32302.89312 850.6112471 39553.83563 40555.00404 41958.79595 43101.33025 49930.71686 53256.65498 56208.28577 61351.72880 71275.76309 76101.85479 84777.39165 160589.7461 359755.7085 31234476.16 -23991993.40 9.904026273e+11
      sorted:	 -23991993.40 116.7107723 116.7107723 850.6112471 6265.469930 6524.852155 7146.741407 8799.365651 9552.539747 10244.15983 10971.26736 11138.25876 11769.22215 12115.49480 12375.16627 13024.49967 13999.09475 14937.95621 15500.28692 16296.67932 16768.75343 17028.27028 17912.33537 18377.95607 20376.46706 21077.23993 21439.86577 22145.52225 22747.12033 23272.54923 23922.33594 24187.49405 25480.10361 26132.69478 27063.87493 27300.61426 27976.10926 29153.83672 30587.59900 31492.13478 32302.89312 39553.83563 40555.00404 41958.79595 43101.33025 49930.71686 53256.65498 56208.28577 61351.72880 71275.76309 76101.85479 84777.39165 160589.7461 359755.7085 31234476.16 9.904026273e+11
