    unsorted:	 116.7107723 494.8913728 504.7021939 545.9349802 596.2897741 664.0269374 712.9003135 414.6686192 818.1654514 102.9188071 1093.681195 1382.783344 1508.108246 1677.714724 1750.061250 1839.787174 2150.513846 2280.416281 2400.809105 2588.736952 2927.691209 3202.279895 3332.233936 4093.757433 4245.756041 5225.185340 5791.910044 6454.743300 6932.586085 8887.080264 9840.191437 10580.65526 12309.02636 15541.65073 16815.54022 18826.51397 20459.55046 21909.19734 24292.75266 26243.77298 28918.31444 29778.21144 30181.34688 32208.54762 35074.32405 37392.41154 40806.12273 45434.40210 54725.89721 59035.19133 65310.73151 104062.8516 599778.6204 -35331753.45 2.087002256e+12
      sorted:	 -35331753.45 102.9188071 116.7107723 414.6686192 494.8913728 504.7021939 545.9349802 596.2897741 664.0269374 712.9003135 818.1654514 1093.681195 1382.783344 1508.108246 1677.714724 1750.061250 1839.787174 2150.513846 2280.416281 2400.809105 2588.736952 2927.691209 3202.279895 3332.233936 4093.757433 4245.756041 5225.185340 5791.910044 6454.743300 6932.586085 8887.080264 9840.191437 10580.65526 12309.02636 15541.65073 16815.54022 18826.51397 20459.55046 21909.19734 24292.75266 26243.77298 28918.31444 29778.21144 30181.34688 32208.54762 35074.32405 37392.41154 40806.12273 45434.40210 54725.89721 59035.19133 65310.73151 104062.8516 599778.6204 2.087002256e+12
