    unsorted:	 116.7107724 643.8272042 620.4633402 552.5894002 737.4371594 817.0029291 490.3133201 915.8467067 1187.697800 1469.501675 1532.151139 1691.693426 1776.058515 1909.821488 2029.054709 92.24606180 2440.359708 2706.027662 2893.552902 2963.344305 3824.661471 4313.381507 4726.279029 5519.498434 5346.812580 6566.933855 7034.180175 7608.058779 10018.53903 10145.98477 11255.56058 12581.97746 15482.42718 16938.35158 19043.02088 19079.95035 20424.11747 22158.39446 24076.50813 26210.25318 29479.09058 29967.27562 30543.90392 32967.32556 36235.55428 41960.72342 44642.31757 55941.64325 57451.52714 70494.00496 108179.9206 502129.6845 -47463391.31 9.964216907e+14 6.193847951e+15
      sorted:	 -47463391.31 92.24606180 116.7107724 490.3133201 552.5894002 620.4633402 643.8272042 737.4371594 817.0029291 915.8467067 1187.697800 1469.501675 1532.151139 1691.693426 1776.058515 1909.821488 2029.054709 2440.359708 2706.027662 2893.552902 2963.344305 3824.661471 4313.381507 4726.279029 5346.812580 5519.498434 6566.933855 7034.180175 7608.058779 10018.53903 10145.98477 11255.56058 12581.97746 15482.42718 16938.35158 19043.02088 19079.95035 20424.11747 22158.39446 24076.50813 26210.25318 29479.09058 29967.27562 30543.90392 32967.32556 36235.55428 41960.72342 44642.31757 55941.64325 57451.52714 70494.00496 108179.9206 502129.6845 9.964216907e+14 6.193847951e+15
