    unsorted:	 116.7107723 116.7107723 1630.954186 1191.235135 1342.250143 1871.664873 710.1422604 796.1780702 591.3632235 2130.838453 103.3195950 2683.189065 0.07567545404 3553.111464 3929.054865 4032.201332 4630.957887 7457.361344 7181.657141 7010.451767 7820.793064 8006.088875 6131.496637 9536.313989 11026.61564 12055.25993 12601.96480 13639.34438 13841.34806 15516.55437 15791.54658 16067.02771 17888.74575 18487.82476 19310.66708 19354.02670 20277.16423 20782.27799 21779.07054 22937.20845 25541.31159 27678.31086 29438.03100 32237.65250 34344.23821 36783.47029 43089.96173 46677.95628 53767.94100 54451.08138 60599.07122 79634.43233 93262.12930 435881.9799 1643414.527 25003169.28
      sorted:	 0.07567545404 103.3195950 116.7107723 116.7107723 591.3632235 710.1422604 796.1780702 1191.235135 1342.250143 1630.954186 1871.664873 2130.838453 2683.189065 3553.111464 3929.054865 4032.201332 4630.957887 6131.496637 7010.451767 7181.657141 7457.361344 7820.793064 8006.088875 9536.313989 11026.61564 12055.25993 12601.96480 13639.34438 13841.34806 15516.55437 15791.54658 16067.02771 17888.74575 18487.82476 19310.66708 19354.02670 20277.16423 20782.27799 21779.07054 22937.20845 25541.31159 27678.31086 29438.03100 32237.65250 34344.23821 36783.47029 43089.96173 46677.95628 53767.94100 54451.08138 60599.07122 79634.43233 93262.12930 435881.9799 1643414.527 25003169.28
