    unsorted:	 116.7107723 116.7107723 754.7114077 659.6686153 867.8828307 1187.625571 1324.672868 1699.314318 1773.065464 1956.005640 84.49424831 0.008828442313 3157.441259 3450.054028 3816.836374 4023.522454 4092.010713 7253.573781 7217.013489 7548.171102 7018.864935 6048.958110 8369.087459 9332.789100 10637.87181 12557.87731 12763.59424 12993.56899 13858.69464 15259.73430 16396.28065 16583.66221 18214.58447 18607.98150 19331.17180 19444.15659 20669.12197 20829.86960 22529.40325 22776.03383 25947.24472 27053.92719 29262.17991 31581.41300 33918.05220 36820.37738 43616.78942 47933.73290 53832.07829 55106.47254 58587.89764 78389.33666 90613.24675 423472.2907 1633787.389 4131161.855
      sorted:	 0.008828442313 84.49424831 116.7107723 116.7107723 659.6686153 754.7114077 867.8828307 1187.625571 1324.672868 1699.314318 1773.065464 1956.005640 3157.441259 3450.054028 3816.836374 4023.522454 4092.010713 6048.958110 7018.864935 7217.013489 7253.573781 7548.171102 8369.087459 9332.789100 10637.87181 12557.87731 12763.59424 12993.56899 13858.69464 15259.73430 16396.28065 16583.66221 18214.58447 18607.98150 19331.17180 19444.15659 20669.12197 20829.86960 22529.40325 22776.03383 25947.24472 27053.92719 29262.17991 31581.41300 33918.05220 36820.37738 43616.78942 47933.73290 53832.07829 55106.47254 58587.89764 78389.33666 90613.24675 423472.2907 1633787.389 4131161.855
