    unsorted:	 246.7401105 246.7401105 2062.745191 1986.111774 1948.310566 1841.659241 2192.083516 2211.567701 2283.594438 1784.939724 2452.080451 1648.720721 2720.113769 2731.853548 2882.761497 2927.911695 3144.388469 3158.729572 1496.612053 1444.532433 1360.601178 1085.849900 1092.101626 1113.527272 1065.098300 1044.369569 1215.962353 3326.462465 3381.967170 3416.368097 3511.721251 3654.948222 814.9513940 727.8139426 690.9837135 643.5556817 597.5009129 575.6915282 517.3135486 434.6973597 3742.974938 3773.106655 3903.517194 281.8191280 4069.225718 4719.132887 1.060404151 5152.626946 5194.922089 5385.559105 5570.192362 5617.859632 5782.211215 5834.870022 5915.976372 6573.292451 6754.364107 6896.008560 7140.507226 7100.260654 7352.955733 7578.634615 7730.618505 8429.166648 9023.215686 9133.157787 9651.496452 9803.302353 10169.41919 10623.03396 11013.22897 11447.79081 11652.48187 11508.47301 11860.26155 12618.31435 13118.34104 13232.98787 13305.87075 13668.22739 14010.85646 14799.68153 15156.64805 16405.78420 16464.86778 17025.79602 18832.95560 19059.06992 21482.21781 23797.18882 25194.65668 26191.14109 26474.72449 26650.12586 36150.93589 38850.09608 42030.96095 56889.49051 82269.24662 159997.7016 692577.8009 785000.5640 2144600.027 47603169.07
      sorted:	 1.060404151 246.7401105 246.7401105 281.8191280 434.6973597 517.3135486 575.6915282 597.5009129 643.5556817 690.9837135 727.8139426 814.9513940 1044.369569 1065.098300 1085.849900 1092.101626 1113.527272 1215.962353 1360.601178 1444.532433 1496.612053 1648.720721 1784.939724 1841.659241 1948.310566 1986.111774 2062.745191 2192.083516 2211.567701 2283.594438 2452.080451 2720.113769 2731.853548 2882.761497 2927.911695 3144.388469 3158.729572 3326.462465 3381.967170 3416.368097 3511.721251 3654.948222 3742.974938 3773.106655 3903.517194 4069.225718 4719.132887 5152.626946 5194.922089 5385.559105 5570.192362 5617.859632 5782.211215 5834.870022 5915.976372 6573.292451 6754.364107 6896.008560 7100.260654 7140.507226 7352.955733 7578.634615 7730.618505 8429.166648 9023.215686 9133.157787 9651.496452 9803.302353 10169.41919 10623.03396 11013.22897 11447.79081 11508.47301 11652.48187 11860.26155 12618.31435 13118.34104 13232.98787 13305.87075 13668.22739 14010.85646 14799.68153 15156.64805 16405.78420 16464.86778 17025.79602 18832.95560 19059.06992 21482.21781 23797.18882 25194.65668 26191.14109 26474.72449 26650.12586 36150.93589 38850.09608 42030.96095 56889.49051 82269.24662 159997.7016 692577.8009 785000.5640 2144600.027 47603169.07
