    unsorted:	 246.7401105 246.7401105 2048.685678 1984.225395 1948.740160 2179.171138 2204.537672 2250.628233 1841.655336 1781.119264 2430.452100 1665.114566 1617.229661 2702.278356 2719.897622 2871.458903 2917.671017 3117.340513 3126.575472 1444.240571 1356.687409 1260.149674 1216.138711 1064.181768 1076.357168 1095.511998 1051.544324 3309.800764 3391.988362 3452.320954 855.6543327 675.8106963 677.6846113 625.9833598 585.1660598 501.1046802 3649.008998 420.6429632 3718.667245 3750.212694 3848.988064 307.9749318 3959.252699 4059.132463 115.0403636 0.02887151655 4711.494225 5159.840528 5149.529135 5410.383999 5536.062429 5605.705405 5741.728884 5854.792384 5916.938299 6678.294954 6765.866167 7014.759681 7269.129192 7368.466886 7531.195989 8297.883158 8683.505400 8961.405044 9199.601273 9423.606228 9781.498298 9822.603954 10396.11511 10999.56860 10671.27990 11221.51485 11560.08518 11909.24826 12305.20668 12669.94845 12801.49795 13218.55960 13553.51351 13834.55743 14967.35239 15104.32925 15649.78733 16431.34942 16955.88104 18648.97518 18986.66380 19513.63430 21053.23600 25749.25756 25984.12729 26572.26029 26795.71489 29714.34900 35807.29300 41432.70796 46062.24635 61672.74744 85805.64453 111608.4229 185352.1448 100896989.6 -2.229361966e+19 2.229365283e+19
      sorted:	 -2.229361966e+19 0.02887151655 115.0403636 246.7401105 246.7401105 307.9749318 420.6429632 501.1046802 585.1660598 625.9833598 675.8106963 677.6846113 855.6543327 1051.544324 1064.181768 1076.357168 1095.511998 1216.138711 1260.149674 1356.687409 1444.240571 1617.229661 1665.114566 1781.119264 1841.655336 1948.740160 1984.225395 2048.685678 2179.171138 2204.537672 2250.628233 2430.452100 2702.278356 2719.897622 2871.458903 2917.671017 3117.340513 3126.575472 3309.800764 3391.988362 3452.320954 3649.008998 3718.667245 3750.212694 3848.988064 3959.252699 4059.132463 4711.494225 5149.529135 5159.840528 5410.383999 5536.062429 5605.705405 5741.728884 5854.792384 5916.938299 6678.294954 6765.866167 7014.759681 7269.129192 7368.466886 7531.195989 8297.883158 8683.505400 8961.405044 9199.601273 9423.606228 9781.498298 9822.603954 10396.11511 10671.27990 10999.56860 11221.51485 11560.08518 11909.24826 12305.20668 12669.94845 12801.49795 13218.55960 13553.51351 13834.55743 14967.35239 15104.32925 15649.78733 16431.34942 16955.88104 18648.97518 18986.66380 19513.63430 21053.23600 25749.25756 25984.12729 26572.26029 26795.71489 29714.34900 35807.29300 41432.70796 46062.24635 61672.74744 85805.64453 111608.4229 185352.1448 100896989.6 2.229365283e+19
