    unsorted:	 362.8901794 326.8857971 325.5874240 341.1645650 372.7999307 383.7838565 391.8053014 403.4837292 288.2048523 484.1739810 567.0094208 559.8641295 586.2033928 231.7892616 798.8155340 783.3638787 848.4905320 877.9839131 905.8008531 964.1515310 975.1150778 1187.886301 1181.231162 1356.360510 1476.663178 1501.984803 1736.291299 2276.970754 3153.580941 2802.437344 3610.627884 3891.818096 4822.971869 4947.284269 5245.309335 5531.255889 6263.231442 7529.078407 9757.748431 11695.98367 12615.93486 13206.36074 14846.19237 16739.62243 21092.19756 22563.72479 24251.15768 26233.83259 28589.39555 35052.03032 37191.64724 44901.80539 48956.91706 56917.22593 65553.38374 77821.52623 81247.14751 110258.4961 273608.8831 1099943.652 29497999.05 116.7107723 116.7107723
      sorted:	 116.7107723 116.7107723 231.7892616 288.2048523 325.5874240 326.8857971 341.1645650 362.8901794 372.7999307 383.7838565 391.8053014 403.4837292 484.1739810 559.8641295 567.0094208 586.2033928 783.3638787 798.8155340 848.4905320 877.9839131 905.8008531 964.1515310 975.1150778 1181.231162 1187.886301 1356.360510 1476.663178 1501.984803 1736.291299 2276.970754 2802.437344 3153.580941 3610.627884 3891.818096 4822.971869 4947.284269 5245.309335 5531.255889 6263.231442 7529.078407 9757.748431 11695.98367 12615.93486 13206.36074 14846.19237 16739.62243 21092.19756 22563.72479 24251.15768 26233.83259 28589.39555 35052.03032 37191.64724 44901.80539 48956.91706 56917.22593 65553.38374 77821.52623 81247.14751 110258.4961 273608.8831 1099943.652 29497999.05
