    unsorted:	 246.7401105 246.7401105 2047.377005 2058.271468 1951.009252 1843.257648 1821.802625 2194.052892 2227.639102 2437.326596 2554.854233 1691.210291 1634.328993 2720.725074 2750.266214 2875.958219 2951.280476 1454.134218 1390.435851 3129.818864 3254.181135 1083.118987 1070.360248 1103.416556 1056.266880 1221.970109 3381.318692 3430.782386 3537.709650 3595.856398 3725.705751 3830.263681 3852.552408 3995.760645 4052.604583 784.1154557 683.8126173 633.2978613 590.3774033 507.1377195 448.0926405 425.7147784 246.6588641 303.5311770 4176.223583 1.932855947 0.4025684891 46.60670488 4824.661448 5050.132882 5191.200723 5243.991077 5672.521305 5651.925234 5721.936730 5885.072542 6230.556201 6357.129902 6579.778490 6641.142327 6914.282581 7337.924822 7418.283648 7565.739301 7739.221102 8748.688073 9111.197280 9493.841917 9572.973789 9962.811434 10125.42385 10566.22832 11323.73400 11180.56187 11645.88354 12307.26537 12419.15594 12526.94152 13183.35163 13696.79916 13808.14977 14244.55759 14991.16063 15528.42521 15820.86336 16431.05454 17137.17400 18787.71226 19452.63202 21248.86692 23834.70118 26051.42186 26622.58523 26917.63388 28222.22679 31211.16121 40165.33439 43223.90170 45522.15553 62470.60684 77362.29002 87212.52699 183875.3125 49592688.13
      sorted:	 0.4025684891 1.932855947 46.60670488 246.6588641 246.7401105 246.7401105 303.5311770 425.7147784 448.0926405 507.1377195 590.3774033 633.2978613 683.8126173 784.1154557 1056.266880 1070.360248 1083.118987 1103.416556 1221.970109 1390.435851 1454.134218 1634.328993 1691.210291 1821.802625 1843.257648 1951.009252 2047.377005 2058.271468 2194.052892 2227.639102 2437.326596 2554.854233 2720.725074 2750.266214 2875.958219 2951.280476 3129.818864 3254.181135 3381.318692 3430.782386 3537.709650 3595.856398 3725.705751 3830.263681 3852.552408 3995.760645 4052.604583 4176.223583 4824.661448 5050.132882 5191.200723 5243.991077 5651.925234 5672.521305 5721.936730 5885.072542 6230.556201 6357.129902 6579.778490 6641.142327 6914.282581 7337.924822 7418.283648 7565.739301 7739.221102 8748.688073 9111.197280 9493.841917 9572.973789 9962.811434 10125.42385 10566.22832 11180.56187 11323.73400 11645.88354 12307.26537 12419.15594 12526.94152 13183.35163 13696.79916 13808.14977 14244.55759 14991.16063 15528.42521 15820.86336 16431.05454 17137.17400 18787.71226 19452.63202 21248.86692 23834.70118 26051.42186 26622.58523 26917.63388 28222.22679 31211.16121 40165.33439 43223.90170 45522.15553 62470.60684 77362.29002 87212.52699 183875.3125 49592688.13
